35
17
1
19
29
3
21
19
33
10
20
17
31
27
4
33
35
11
12
11
14
5
8
3
4
25
12
29
2
21
9
23
15
17
7
29
3
0
31
22
12
12
22
30
34
25
30
0
2
19
11
33
36
3
22
1
36
11
12
32
30
20
35
8
13
25
20
26
10
31
25
32
6
21
13
0
31
31
23
13
29
13
31
31
2
35
1
31
11
24
2
36
32
0
30
21
26
3
23
35
35
5
23
25
32
6
24
35
26
17
11
19
11
25
22
36
31
3
12
27
20
11
19
15
1
4
6
35
6
31
27
10
6
13
34
6
15
18
24
15
5
27
25
14
30
21
16
7
23
36
22
29
15
19
36
4
35
21
35
30
33
28
27
6
34
31
18
33
4
32
34
25
22
15
13
36
32
23
4
12
16
7
35
7
19
19
27
4
25
4
11
17
28
26
24
19
29
17
28
14
32
2
22
13
16
11
11
26
7
7
13
34
11
8
30
18
4
34
35
11
1
17
24
1
1
18
7
12
10
5
0
33
18
29
1
6
12
32
22
23
36
7
30
27
4
2
25
8
0
23
14
18
1
33
34
26
1
4
9
3
7
36
20
11
31
24
0
34
26
24
33
29
35
9
3
16
32
24
28
26
7
26
10
1
25
20
36
7
9
21
28
17
14
20
26
9
1
4
22
16
0
29
13
26
11
16
20
22
30
21
32
0
24
14
30
29
3
17
35
34
1
1
19
23
26
34
0
28
19
9
5
22
34
34
14
20
32
19
7
5
28
14
19
16
13
21
12
32
4
23
15
10
18
2
5
12
25
10
22
15
30
32
11
19
13
24
34
18
16
18
6
29
25
12
7
32
8
27
28
8
16
18
9
24
10
12
27
21
28
9
34
12
18
34
17
5
10
4
12
7
12
15
20
22
9
33
28
17
16
10
13
0
9
15
13
12
34
6
9
15
1
11
25
24
28
18
5
19
13
16
6
9
23
26
25
13
27
12
7
15
18
35
2
26
20
29
35
11
17
25
17
2
19
34
18
27
14
0
34
29
9
3
13
27
35
35
23
36
14
20
20
8
0
18
34
8
23
18
20
27
31
8
29
19
21
22
9
22
25
3
13
19
28
27
33
18
7
24
32
26
31
0
2
20
5
7
1
35
17
9
2
6
18
29
4
11
29
7
23
28
11
21
5
7
26
13
33
27
27
0
5
17
27
1
23
21
32
9
12
0
36
20
23
34
18
7
19
28
25
9
29
16
21
8
21
36
20
7
13
23
25
27
30
6
16
13
0
11
18
10
16
0
18
31
28
24
14
16
34
24
33
9
23
17
35
26
29
22
29
6
19
16
15
11
28
34
15
28
31
36
26
6
30
1
30
34
14
20
9
26
3
32
9
22
12
13
0
19
25
10
18
23
23
35
30
1
3
13
29
15
13
26
20
16
29
25
18
28
10
18
34
14
36
8
34
17
12
19
33
28
4
33
29
1
26
24
10
30
34
35
26
2
18
0
1
10
17
26
14
8
9
10
20
6
23
22
19
30
18
30
35
0
7
24
24
29
32
3
15
24
11
0
27
10
3
35
9
7
35
34
11
23
2
20
4
16
5
18
36
13
25
13
32
16
23
9
16
23
22
35
6
7
33
23
20
3
25
17
28
13
34
8
17
25
0
33
19
30
32
17
17
28
32
13
21
2
14
6
21
13
3
19
10
33
32
21
36
19
1
22
5
26
13
16
14
17
1
30
2
6
27
5
7
9
7
23
8
36
29
8
24
19
33
36
32
18
32
22
35
30
26
25
3
24
9
30
32
22
6
1
18
22
20
26
35
20
25
25
28
23
17
19
6
5
26
36
0
20
1
22
26
10
31
6
27
11
6
4
26
7
21
29
17
14
12
22
35
14
9
26
4
28
26
17
13
2
5
3
20
22
22
13
34
13
34
30
6
0
30
16
27
2
27
7
14
14
31
6
2
24
17
20
21
1
15
29
15
14
24
2
13
28
26
10
5
6
36
33
5
20
15
30
33
10
13
7
20
3
16
36
31
10
16
4
26
7
27
10
31
6
14
2
22
23
31
16
30
23
21
14
30
15
27
32
18
17
34
14
16
15
8
5
13
5
12
2
26
14
16
15
31
8
23
34
28
29
34
1
33
21
0
21
15
27
18
27
32
21
1
11
15
22
35
15
12
15
35
8
0
34
33
25
6
7
20
15
1
24
4
24
9
8
32
4
34
15
32
32
28
33
22
36
26
8
9
26
18
33
26
0
